97051	80545	24122	97100	92181	44923	98663	92256	82724	51933	83479	10558	40831	32011	38639
27859	38250	40169	67987	46776	67967	29994	22448	43144	91063	43707	73882	33638	91571	85125
87561	13399	42433	81396	67094	40991	59163	60555	26524	98831	75837	74981	62508	22536	65681
9473	50499	27407	7688	27496	99522	31728	34533	20646	53452	24919	98689	40087	29951	52573
75948	17298	81687	87369	19180	32592	18364	378	    38447	89209	15024	11287	77582	10628	93749
74871	70026	28338	29658	24973	58941	84623	15762	2425	55664	63400	59722	1881	66140	83813
88013	13677	62329	60510	40539	36312	50790	54414	95809	37937	33040	58824	82346	46704	48946
92377	49816	2807	79952	4880	96743	30306	65576	98473	70869	24965	1029	58210	44216	58699
17324	85444	96179	97653	42376	31307	87892	84429	26034	85647	77304	16067	4077	18542	5197
63229	6870	59302	77589	21962	81972	37578	15923	34415	93179	99640	5889	80457	90097	4644
10791	99593	83812	43067	61650	88228	75167	32083	92465	46787	47974	12254	65493	23914	75914
12966	13012	20890	75489	25961	40594	67185	51521	5907	72827	10095	94483	33397	9280	8626
98790	645	    32068	65639	27747	39737	51361	14793	4886	18551	91390	6781	36043	92839	36464
19744	37183	42474	58914	2433	53964	21728	83980	49555	4603	38142	26579	78668	46671	63855
27730	56340	12540	9702	37859	31078	53244	14430	15815	27971	29182	42179	40200	10534	89101
12596	78858	80797	48610	4862	4392	8208	16967	9703	42642	88881	33595	44968	39789	54869
82478	25965	81919	6412	84770	54333	60922	77052	52392	55212	34119	85929	50472	70124	70533
9729	61952	21000	57704	69069	35671	87989	41934	33590	11820	70720	67939	55292	66805	21872
39940	32136	73127	63275	93295	46601	52516	43784	86466	50421	53737	80264	27932	86150	64629
1888	62963	50612	69404	78971	36757	24383	64687	53842	35514	76624	37101	62753	84519	64810
82640	10230	82662	64423	11268	2182	51719	71352	1584	3619	29035	80375	53173	84588	22970
19187	88458	50636	57425	11008	61555	3388	68986	86953	78188	39268	85756	38104	9048	95971
98873	501	    22292	56379	51914	90069	45348	14650	26906	43053	64122	98134	64865	13763	76550
30872	98715	38502	97312	46184	14762	15167	43145	31353	36236	6995	54148	57982	99449	72668
7273	88121	92508	47528	97394	35769	51505	3358	10845	25939	41833	21108	94754	38520	15439
94020	81389	58267	48931	73117	24515	15334	75744	90892	31679	65955	8701	52231	98887	61698
45914	92323	83339	88114	60906	83063	87212	32990	85128	40136	92646	79431	26031	52339	35003
9043	57757	9987	19895	27357	89263	23045	26403	61663	27153	77884	15039	80112	36250	84561
47599	28881	79231	23665	3974	90507	5199	81177	21932	12992	11439	1765	89775	36227	85348
56697	32285	50150	30287	44312	18239	60070	39708	69753	93370	86674	43274	82037	83561	73089
80543	90485	88560	86336	87800	95195	81475	46049	95751	67447	24100	68475	71588	92248	37297
33895	79901	24686	80880	50679	43926	38216	92106	22936	33507	66110	30850	61882	2943	4954
25644	97580	75221	19123	9363	17405	559	    26786	83217	48209	36835	14356	35489	52474	6556
44079	65490	67598	64463	35866	31444	32984	47101	64928	92597	54735	18559	97276	49346	47845
36203	57293	31335	99404	93354	75794	31832	12113	98010	90790	34502	206	    15743	20109	60343
80328	52986	45704	38617	48701	15782	97675	58797	78106	95877	34474	97359	98573	47964	52653
30647	41523	95242	45314	93764	10758	83092	9690	36896	23066	52004	75343	3965	56819	54442
8497	68011	89999	92456	73204	61889	21607	32814	8826	50775	41608	40781	11359	59421	93179
67435	71858	38650	95162	51398	7063	72977	35935	47526	95447	38499	54282	97212	74448	15346
82539	12516	31671	85459	47313	5078	28063	78594	49189	56699	17836	7611	25593	11633	65790
54860	4420	60687	74693	84126	81014	46874	42028	52542	78239	91693	97541	91269	61956	49720
66524	43473	83128	29499	94452	88173	17235	54268	96122	9815	25487	64588	72511	50978	1868
24973	22427	4039	10041	40028	83077	87791	64001	8994	65139	44276	29605	74554	28346	61081
47527	41824	77051	75776	84200	26263	20205	22853	17045	45547	59778	22628	69549	76470	28449
79399	11587	14909	48106	70176	63038	41146	19878	92370	88513	84442	64906	14782	40944	31690
16076	49802	93485	70801	25548	34257	27844	74662	88265	9692	92352	82706	2296	49150	73495
66809	66652	16163	40422	96987	23572	55978	79949	99320	41038	38642	33539	42668	72007	96398
50720	32709	56699	72373	38500	54896	7454	41172	77961	84146	53434	15349	23469	41547	70075
80761	16229	95740	51674	97816	90470	27946	38772	53931	76555	72504	48584	80402	9830	47602
38122	95376	64688	13588	49954	98749	84172	26039	32769	64048	88123	45403	38645	57803	4572
53050	91674	42634	27477	49820	5699	94129	28757	28074	50018	64277	72751	23545	81035	5968
71511	80963	69116	94779	60983	743	    26065	22937	34169	61542	45152	89310	32329	97932	25795
85087	15331	60429	89462	16661	36321	55680	63005	93177	83676	48795	21488	39462	71603	69492
22871	73594	93351	76543	34566	16468	21194	5817	54266	98413	90070	73532	87134	74407	70654
9389	60713	44904	91933	66029	29699	39238	77203	96048	57933	18077	77043	97883	42245	80504
24364	20583	73908	57740	99393	3857	68347	437	    29006	69055	71204	33218	22155	50348	72817
87508	71765	40296	20614	58952	26591	20354	10887	46770	75304	55346	76653	64837	23235	9869
72618	16399	16667	32676	85042	61151	30060	45422	42936	56610	67696	20920	19108	83001	38633
92555	40487	5119	82841	72269	68068	38842	71958	55355	61868	11681	81584	73203	92901	43117
38310	68539	68189	79652	87006	66717	28250	38967	3633	53785	47663	43265	8541	67449	52212
48225	77560	14172	43789	99341	92825	10760	72753	74907	864 	88172	23938	21015	89335	24087
42022	12035	37450	75228	15820	23970	89666	6111	55804	14907	42654	90889	98859	3123	24903
44698	69420	3613	1996	56321	3229	55037	88899	97246	60614	35554	20190	52540	93548	67664
14230	37885	33432	25940	47163	55960	10943	99851	21207	23405	65238	97967	4170	93921	80089
64345	51654	30574	61951	59570	40993	66752	89271	14371	21006	81244	68842	85792	33034	49260
26322	89655	78460	26630	72038	48698	83239	26579	41197	58487	30501	37280	18798	4994	2918
10398	29668	50803	78111	45402	95267	15110	6412	11228	97881	48619	68470	54606	90693	55807
16835	77683	11896	3407	81862	71418	39671	72802	67546	65774	73940	92379	55886	29446	92785
63898	44132	56986	64735	2316	99231	48886	79301	6431	74815	98381	48625	39528	56312	8211
35169	78674	80723	94045	34354	45859	99303	31592	40425	52922	51825	95241	97684	54614	80873
97937	59881	54784	26304	83766	19681	79252	93167	73135	50138	17818	49050	94442	10116	71164
29512	66612	30575	2909	30736	5348	29896	8992	94550	15513	78497	3150	56920	90514	61007
62533	85358	25359	2242	2136	27821	52749	65062	60785	12847	73741	88531	77709	97827	31261
59177	33195	41114	54057	55106	35205	66751	83061	40562	17293	17372	3252	81589	45427	11053
95722	70358	40868	76315	88236	81986	54005	81769	58915	50085	28907	89356	42946	55580	35035
48826	83656	95066	10614	25866	35126	46090	90926	55810	20498	38899	35477	98800	95852	839
10475	11809	58516	8701	61270	19840	24508	80099	85329	96258	12404	90501	98480	919	    25384
70597	44135	35335	94397	70065	98763	40234	44247	13823	46310	75616	16748	86241	47347	13759
22566	52414	43627	24141	20624	29149	18587	97231	7856	87041	63026	64351	43704	79444	77770
83355	27435	34185	71186	38824	8077	63947	516	    16639	10606	29761	34752	20054	28786	37474
40265	36389	46971	87744	88373	64575	89036	76951	59625	94229	34060	96361	43501	54365	2193
61360	16120	57099	51919	84678	77321	18054	87869	80266	73043	78656	70017	50200	4730	62304
75452	43903	5144	67480	90603	54992	26831	49494	68889	90398	12556	59598	76912	97765	59169
24030	37881	99711	64058	94650	65531	70107	64509	20276	50574	77350	71804	78037	55318	5703
31607	50059	12807	94294	60292	85330	8652	37127	29921	98350	21616	22421	51030	86095	73681
83551	82476	87395	57681	6698	95832	89627	90265	85125	1479	14814	46737	54419	76897	24374
50809	88585	57053	38896	78373	4129	5501	95352	4410	81216	19021	64505	14641	1785	63780
34571	62715	19593	92146	64054	62536	37382	71534	11734	26472	43219	52724	13397	16296	31348
52647	22580	62981	57409	65088	48955	49051	50578	54276	51440	74877	84386	86670	20067	63638
56492	81760	47901	32816	54593	56835	29684	91782	51779	35257	25445	57808	10929	41116	99777
38935	47827	14529	40413	32893	62783	32560	18864	8802	40390	91346	34411	15780	70068	24501
93108	31850	98600	86482	62283	95694	64307	82702	89885	92938	93327	85681	70589	7881	27658
8551	22713	525	    40155	20327	28545	97360	66936	23388	95243	55659	34390	26626	63265	39567
79134	23725	60109	63360	42861	28469	8903	81571	31014	51597	51623	42837	41903	46054	77284
50994	10783	73062	69624	56097	18697	53254	56501	83781	13271	2232	90305	3642	47677	55183
74732	40159	78430	6260	83072	46079	67073	87167	36088	40858	10415	95331	88357	44792	60635
58855	53069	26780	14223	76707	25278	47627	65255	40891	70634	42688	81379	26511	37990	64300
99901	94357	44875	21584	49972	16525	71065	25249	94129	32661	37436	16131	40846	47435	33663
15700	71441	75733	41181	19432	73678	9764	87396	2153	11116	85146	59036	60645	10121	78476
89778	83079	65784	97115	85892	33990	30253	394 	62956	20512	4153	79985	12443	73352	20234
66958	78447	60092	42309	51344	45087	62574	31642	87944	13231	94535	64802	26191	78895	87190
61051	83459	33432	43030	37464	58988	59685	37935	97497	59431	88305	23904	54930	88061	88956
61456	96979	58501	54802	28457	86218	83168	37860	90317	2485	48718	6149	95642	74221	89254
29180	49149	94556	54996	7714	27373	86175	93339	7106	8128	86585	11000	51161	14357	57081
6766	4509	68784	60918	79357	50835	62781	40507	46509	37858	11544	94367	17251	58633	9038
81691	131 	56673	88575	9623	64717	92  	28068	18704	28081	3704	66923	29396	14243	62433
72831	62873	19763	58075	88778	69916	68167	36575	65555	57784	93611	3093	91896	11418	64385
5153	83485	77620	39147	26070	69305	96516	14360	47314	18216	67751	22345	4904	97366	73740
14504	80279	96216	5562	62508	28003	89940	9160	51025	23338	67392	65974	3758	8712	96560
27225	61485	16348	36871	21725	4446	35031	65953	23446	61221	48811	97026	87963	56667	97643
45245	62167	37524	89676	69915	58896	24337	51405	64357	7265	10615	36555	51977	61435	27124
75279	74229	79666	80149	14667	99021	46769	21728	74715	55794	9208	10807	62922	70060	70931
69762	54321	37711	75634	82452	38066	50991	40455	9762	29981	79127	24495	68481	3155	40623
31947	71638	44843	82035	69882	94434	74303	94535	93995	11559	26577	11822	14020	93706	9768
43673	29250	28198	47931	77398	19595	43458	39822	61519	76001	15436	93417	95154	32070	80824
24639	7251	69484	52765	52090	19651	32697	67379	91582	41212	54578	32736	28930	32492	60938
93639	5757	79196	91568	64364	5808	20586	167	    59120	97242	23254	25233	56177	91790	57704
60428	45956	36373	21281	64067	68744	61798	39856	63002	62772	12751	52337	63302	20978	21626
58470	5010	87625	92709	55466	95666	10990	57257	90676	99748	54982	77531	29690	78562	97235
82893	4187	32775	73801	33242	54694	71662	21412	29981	26480	2430	57929	47645	68329	27878
98862	12933	46040	82347	88647	38378	37995	30478	13461	13423	42191	68824	74512	10967	84320
50898	92580	17089	29908	62183	16099	86934	23878	88455	14238	7573	34654	9733	23835	78217
77615	54497	62379	22935	32069	18130	62655	40140	69053	28477	6401	57200	7382	60719	59571
76454	44962	37147	9735	93764	84870	26054	21161	56386	17200	47653	22323	4472	53388	76996
46289	19061	13584	92847	20121	8814	68044	15452	32441	59326	4155	21715	27324	79137	9572
46135	23926	8948	38213	72293	84323	92398	19909	2714	57381	94984	56341	38025	33066	75770
5335	76442	19392	67664	85049	98388	93056	52909	62465	28986	55926	20321	9728	25410	15535
67471	48340	28477	98050	66  	46753	90577	9913	2321	68547	5814	57143	66877	7402	39463
34171	36920	14032	82224	80274	87282	7240	87077	50271	91162	1590	25113	48508	89690	96062
69656	2695	62208	66012	21596	62130	32982	94725	72722	76663	24196	23132	76525	92011	54661
41429	12972	16458	37436	53147	56561	42980	22472	68123	67019	29037	24644	60546	51921	45682
1671	75200	7179	50831	37413	11360	66573	37962	37603	8586	81658	79951	80263	5784	97233
7278	48372	23962	67149	83709	19783	67454	96119	52642	81977	48291	73907	25363	25448	22806
17537	76871	97145	74565	60448	4813	445	    351 	20515	14750	54321	16525	79606	68140	94514
27797	15765	47245	88399	36367	87695	66453	93161	34254	91759	27077	44932	42022	49233	41853
57246	332 	58551	63144	16859	88905	53808	24859	20267	84075	17726	28746	30697	25581	53763
72056	85440	5483	85634	68127	28772	57123	3840	30587	34531	79497	61393	98508	4289	55985
24388	58955	87044	91342	51733	22863	10969	62407	85090	3510	36435	30889	49195	97768	43668
86987	77463	25392	5134	46299	12945	72045	53997	18099	79916	66145	26161	78953	56252	3728
15038	4535	86153	7594	15617	78729	8600	44205	2817	7880	842	    20111	69122	98249	99435
56155	69014	68531	69490	14274	8142	97352	38325	30676	70492	49742	46209	98181	20314	31286
15178	38536	57207	922 	96141	39393	10903	98407	93706	47396	39220	63073	69903	22503	54494
55751	58366	53719	74862	42857	6982	13541	32453	72629	70320	3458	7607	41793	26927	85041
19314	27588	18412	7285	49734	37578	22155	61450	52604	63266	47566	36825	421	    10733	39082
57529	72760	95351	84120	90452	65909	54573	8287	58562	61366	5472	8682	15238	2919	96319
13544	42452	87065	35748	43268	35002	94616	30872	17480	83618	33749	46537	7866	7109	23322
73311	42394	75118	61852	29530	38176	86562	87899	61243	79674	96986	95016	52623	4274	27027
26558	58203	41143	96515	98993	36008	20182	14931	85411	72340	48014	80407	57152	29499	69511
77521	26222	96181	90949	61229	30544	347	    17399	47757	57816	21198	61039	98674	82318	43003
75138	5804	85723	869	    47088	47672	13537	97213	14251	96048	94650	71785	1558	17206	7108
74975	53137	20533	64775	75468	62597	68621	635 	51501	5047	49016	51327	70326	97373	72030
52109	30198	76128	81537	45528	34916	69554	676 	43542	86452	6878	27397	59515	85785	59222
62139	76815	22736	48714	59617	1867	23333	19511	29447	51388	87928	8828	9103	84962	89660
20315	76285	95971	47368	49511	49212	8709	75799	47090	57377	30176	60876	39815	82027	88697
42119	17303	2107	97940	26952	45488	84248	35155	31301	16035	95368	983	    30919	43859	30530
88827	37377	41882	40686	25078	9961	76184	68261	15764	57530	88435	15929	81002	82272	43329
68475	650 	51127	61368	55354	66726	80700	37129	8722	51437	93746	65701	26625	89395	57276
16773	188	    93022	24415	13508	58532	98572	82771	65410	14503	74632	8065	37080	43239	60825
77535	4386	36201	23719	41636	32366	50983	9049	18664	18905	65874	80406	91554	44806	48733
18866	39012	76682	18643	81984	83778	64288	40407	50362	37271	11226	7328	69737	72190	82652
24450	78509	72214	68960	17735	96292	20182	21739	37438	11578	93202	68877	84938	51766	58955
68702	54384	67774	87831	45400	10042	40263	5793	85514	27030	74627	37372	22176	29177	5680
91270	77854	53645	7267	8677	14277	61768	5554	53028	77367	17152	5847	7608	28206	44110
46978	72395	95384	58502	32550	60127	92579	72714	53950	27887	50748	51473	36764	69103	72422
33150	76535	23603	80405	39073	36177	21027	57921	42182	31629	78565	33328	81657	2384	3879
90904	34022	90946	83357	24616	22640	93469	25343	32701	74703	73693	10133	86030	45114	69206
16820	52884	17937	59101	94763	39884	684	    37428	18936	46858	10484	22614	88568	67058	79479
10567	61737	29485	93194	81861	97526	90388	45123	43574	88885	51810	3018	14871	73423	89896
77193	40284	84734	40152	92469	54052	29668	46761	8730	43194	31042	74625	46934	77054	33295
40424	62725	67593	55141	87523	25494	33358	72369	32136	51200	8375	38459	3251	38542	39913
11266	51721	60786	45211	18512	83939	92145	70794	71134	44184	89686	20664	37051	1550	11154
7327	39974	88603	10447	90991	27108	17838	61113	15335	84138	54368	2991	29739	7128	87137
14583	94886	53886	49981	61083	18955	36721	83520	75462	51165	29921	56934	78169	44188	21604
38680	65347	66207	43201	41397	87865	11313	5981	20468	20879	84204	66382	29719	5853	82577
93667	99609	83857	69946	95511	54409	59764	11521	15230	96203	55740	83459	31694	50709	52268
75331	26300	74962	66025	45262	10846	16154	46329	12740	95961	14140	67755	65959	35611	35583
45596	22750	34247	33951	19421	10543	30716	85617	95860	31968	61906	58033	26148	98693	93173
86145	80958	10201	77172	92961	78843	83610	88722	59641	89374	22013	65881	36810	22236	29375
30843	81012	7105	79503	43315	31568	57699	8550	92694	4291	94054	31231	52901	90330	29614
26071	42304	93138	8290	58109	4611	95591	248 	84550	99480	47404	47193	31337	89253	84934
71993	50763	5710	32116	13445	88117	41267	48369	15910	16424	19853	77798	14916	46639	44373
12964	95812	65299	75791	34220	78321	80643	55300	66628	12649	20406	90448	4958	50262	36151
75814	74588	44529	17892	60509	38067	56808	62120	27769	6402	70741	42888	56440	71073	12063
97323	37036	36803	38958	80312	46296	9398	2784	4347	21767	97128	67708	81383	3146	86413
81163	62341	81529	8701	78958	28191	38026	78566	44568	28811	36769	52596	91027	25443	37522
95095	36618	79592	66605	3251	20996	62386	1255	45529	89502	13229	49621	60435	4369	90295
854	    11867	65967	44978	71222	2961	95459	65094	39944	3743	61533	35496	54726	25389	13897
88375	38880	86608	22127	48642	64250	57060	75032	68361	34884	30120	99645	66455	94950	90585
64107	87103	42726	71967	24485	13145	63724	48395	63454	80380	23769	49992	39292	31248	17593
62067	76211	38271	44939	86474	90139	59496	82587	75750	51246	26753	52871	46526	93714	16941
9409	8732	34036	96797	81081	80296	95142	39161	57958	37564	6661	40562	68804	45325	46158
6832	64444	58579	71448	84851	1964	90066	90617	33692	9808	80917	13920	92822	5708	66381
86388	27338	6304	75089	50669	6656	58650	44081	88424	57161	97053	25905	45226	20085	10967
3424	85159	5617	56780	51539	94854	16825	88156	14936	59422	67743	83924	61155	9184	52728
8739	61914	55745	3940	28196	85017	1486	28411	73318	24239	49515	52891	29638	48939	97718
85256	4863	78985	51645	83263	49583	56850	31893	13512	22343	26697	91555	86299	97808	27537
42231	35841	79769	66520	86076	25335	99141	95710	1876	13737	15848	92697	65287	74290	1882
19508	58436	32613	85015	89756	43823	31082	86752	31783	47318	81766	30698	1606	39675	12202
46226	12354	97098	79934	76969	14483	95864	71740	30379	38745	91058	75439	94100	88148	41407
59921	18212	4289	41136	29965	21636	54380	87554	99421	30469	22357	91963	91972	61227	73029
49287	16431	40679	1256	38563	44971	69257	17457	99236	99046	70203	16355	57732	45861	72365
19950	73907	47500	99931	23718	81515	37995	33469	71372	62848	65204	30619	97260	88642	71475
25740	97950	41701	19322	21999	18832	80947	12386	79985	23189	57276	52565	12962	20283	15019
78033	58547	61833	70593	13479	7543	64386	1499	53323	60457	46859	43805	18461	20584	63128
47953	72527	54309	96351	93270	64609	8962	18013	44475	1571	28743	77544	1707	75715	69229
8872	32560	66629	15478	97279	37269	79575	15288	23189	58823	87261	97586	66612	10916	12215
76228	18419	29758	12306	13312	84108	43429	26420	41891	12266	48295	79711	60762	23204	33528
47193	11929	30046	26074	56194	46782	3709	27594	84846	65654	62606	31897	26709	21602	9668
14790	89607	74798	4339	72485	28277	1025	27115	55642	21390	99297	56309	74515	24498	17992
47757	71100	4077	93007	37648	55257	21793	71533	89002	59001	98006	35917	41282	11720	15131
72588	74778	44578	58859	64214	89170	92040	88026	31581	32889	10065	51065	7456	22901	1274
15356	74868	22053	71384	83106	37010	19117	59227	89872	14062	50024	41553	30814	88144	3997
99535	89707	51015	36496	87149	63114	31785	82634	62810	64754	32109	25562	52110	61757	49208
39799	68938	29777	21974	8821	51284	48243	70131	71870	23242	17486	52910	82275	16727	45901
62091	40821	67216	76013	77287	28750	28696	11730	16372	96121	68854	94117	67231	40372	43696
14490	23951	20452	58286	82300	54237	71338	60968	35325	91402	86587	55348	21390	87760	29181
55387	633     74652	93897	4499	83023	39577	1732	37356	46519	42769	33167	4306	90360	24316
14877	98872	28313	96955	94996	56621	84700	56633	59763	91628	2662	54093	87836	68641	97629
6689	32289	12508	18222	26696	92081	82898	95728	61991	34482	60935	48455	32189	58770	78632
86814	22517	11237	91279	58881	78152	76553	35453	16649	59489	65190	91350	43992	56778	76530
10200	60932	25769	21458	86740	98444	61956	88716	80157	48970	29903	18928	47529	73655	18979
42790	48924	43038	96197	93457	46183	59573	95354	32472	66484	55063	28359	91216	53522	2646
17257	93975	86551	89037	44560	58379	52738	79835	8631	90376	41905	29170	93652	37887	92593
82177	12958	27431	13996	86056	89848	88544	99524	22286	74056	30805	19810	79118	49265	90412
91753	22641	13060	91790	53157	46987	45130	1559	58324	19015	28320	9982	10396	26667	79065
1529	46410	77773	7288	992	    6934	7113	27994	47832	13440	80470	16585	539	    56652	71755
3175	85696	68448	22102	18108	41394	92654	43526	10711	36703	7122	95793	98969	3030	88597
49862	34524	17596	85004	1479	95961	59098	2638	87723	84768	65512	2701	90207	75233	25615
83561	48761	67980	9476	52938	59702	31772	27722	74151	888	    54359	74952	72442	76039	78513
73930	56250	7661	69553	47090	93598	61915	61119	48171	33610	48160	17390	36367	76319	15125
47763	60554	48673	75582	28934	33849	1817	10354	29992	20958	83617	28852	87326	16577	74228
45823	469	    35624	31001	56997	75168	66914	60685	76789	18451	96748	19899	60183	5838	85316
73988	80702	51375	1759	23145	15864	74031	5126	27764	9724	18075	83560	36763	33398	1583
38066	95228	17991	12602	38903	26912	15918	95736	47553	93720	73607	25488	48354	9171	304
96555	74381	35013	25510	29161	6252	13569	18441	60900	55377	45125	80782	40988	80866	35642
46033	50984	77564	89944	43960	39654	7500	29633	94149	91904	58243	44348	4014	44886	13145
34726	45673	57926	8457	20184	29763	22848	35644	1860	59698	76253	59003	91119	36601	54294
44706	72477	84780	70274	83456	63138	31069	34975	73932	20582	70949	9433	11816	80092	35144
54367	20085	88599	11780	69512	88758	73070	81938	94730	43916	75814	47560	60562	18609	78364
74024	14019	85274	70427	39671	89973	86906	9338	32178	54571	50970	86785	66186	22841	36539
72922	98706	35103	87435	18183	81067	159	    95746	60074	29935	18288	77365	8933	35090	56658
2622	22576	44314	69269	5646	80512	75786	47664	6563	92541	22941	60002	69713	2753	20932
78975	53654	21097	55445	69485	57025	28132	86938	31020	82624	2359	48372	17809	90643	72375
56309	27500	32346	20528	76468	54430	78528	49429	66446	48445	20130	64527	1967	28314	36257
44654	24925	23529	53882	73512	66062	51270	19721	73353	54306	14059	61174	60374	17427	3190
47406	80194	4762	86187	33157	4759	15066	72607	80280	83254	32467	76968	4185	32426	97860
31209	53590	51405	88776	19200	95238	97752	54521	45290	3638	60301	94601	1294	86514	84736
18674	27166	11531	44946	50670	39068	70866	49782	51231	26548	89137	10479	90725	97407	20646
75526	80919	28107	26091	17725	83604	5803	79568	33109	56197	13351	4213	30233	80721	91426
86299	57543	36619	42884	30239	73873	5088	11798	19773	58674	29907	88420	71401	14790	86408
70606	83134	70450	55208	67620	78756	52120	57910	34118	87348	38859	17914	73906	62403	4118
57472	99187	51247	93010	66917	77376	16744	47337	76410	36012	87899	81686	54664	78373	38141
19673	71610	10624	9928	29598	43900	73710	38274	71303	40672	76196	92735	87941	39129	86610
56778	41915	5363	38573	32121	64840	74862	80134	77281	54731	16675	19683	92414	74461	98258
52888	13576	30849	56612	50199	12416	77622	48117	6522	64435	80957	53927	30410	61279	16462
3960	71732	48817	80290	56757	68209	14959	51695	77213	30589	50824	8227	85246	72656	88541
83528	3061	75543	4188	60914	46829	74622	10505	4503	93118	53200	21677	34978	70783	55816
40843	87044	72899	12930	97038	16334	4290	16217	50273	38345	54810	22976	24950	44499	18731
72203	49697	25680	83907	94506	16191	2369	97739	54263	46707	9823	70242	51757	38149	98559
60786	48815	17405	98631	79761	90398	49272	87079	14907	46906	37887	52893	8151	80649	54859
29730	99931	42660	2789	89190	65374	69889	75794	75324	46330	42570	66950	78943	95105	52868
2291	67942	93638	8868	37142	21943	68106	33778	90767	71143	59179	36812	1639	58169	92799
90153	41457	81370	57177	81159	83164	99806	52553	16856	82154	31806	58617	88175	70211	2850
12678	75669	64709	33498	40640	75467	65381	58324	18710	12507	83257	70205	70659	39842	52762
64997	85263	19496	85421	15525	1476	81024	3890	46264	59091	61659	35334	91329	32885	88574
75833	50815	50068	92308	27656	75174	8785	22878	49715	21237	65073	8465	85571	65578	96740
86095	50061	79052	58327	61494	61279	15174	72531	78194	86790	81796	5592	41302	11295	25395
73742	92875	54035	19772	90092	90717	99938	87924	5545	73119	39886	13969	86511	73885	90786
65707	42954	78721	7946	5862	29000	27495	68750	35164	67319	83147	6679	74444	76687	99314
76264	83000	76010	95276	8661	12011	48028	66206	80490	82776	42839	51924	26684	44174	3280
64311	50699	1565	27606	3213	12112	51644	13540	90258	28864	92476	7611	64579	18357	10048
12041	62894	15313	43340	34306	93302	54271	68298	61049	85504	53514	36678	89540	45352	71957
86071	84997	93512	1282	15977	17804	95743	80242	19497	98660	68084	63003	19784	49408	66943
3149	46995	12460	76331	48095	2630	48027	77996	55388	49620	30802	37153	97188	11721	64654
97139	95871	67656	51838	57376	88318	66790	62746	15284	82579	74857	33934	23463	14242	94179
56742	33335	22888	24534	62640	15170	79508	28733	15886	30127	50535	89537	99978	1635	34709
67368	55878	20143	25347	55366	82268	37719	36519	93864	92216	39201	35167	72987	47742	53841
14882	20416	78747	18578	58860	4606	85504	42310	94488	65138	7777	40814	5042	68069	29023
69974	48518	82133	42170	44445	92873	51506	13790	26325	94532	84907	53866	1995	97652	65571
56232	39990	75130	75330	27417	66234	631	    15630	29190	28475	50394	38780	60596	15969	10880
15591	17533	72771	46739	92418	32412	51719	40224	54645	3962	51591	73680	88399	96353	96744
52472	74814	82137	67922	15831	69042	30558	27283	32387	74766	58365	9725	79762	83104	30231
18864	23001	31384	22516	38297	11007	67532	60998	51171	12893	17201	5091	54253	32803	11418
41256	39000	32140	44354	41071	20596	48992	97071	30479	28605	7596	77231	73631	38563	60632
1691	29686	82967	42636	59763	98629	35961	73632	81655	17394	2599	92416	84694	10775	77845
80033	53129	76443	67995	22854	47967	56906	83635	15327	839	    41650	39915	89779	90893	23561
58249	83245	11211	722	    11999	71252	95803	9873	80525	56454	75999	6903	71280	53663	80741
48689	11289	78351	49917	5115	17729	3412	55876	76181	73150	40474	59538	24908	49108	59595
1888	63246	73900	21947	99982	22961	23579	42439	8947	13280	84644	98325	24628	80492	95038
15195	5252	52661	67248	4945	7682	45071	69645	45594	56560	91560	37504	80394	40029	82393
20164	3571	16624	89178	86802	49783	63220	34355	3971	59946	17624	43971	38894	8711	83301
83422	52204	62888	98418	37401	11024	88417	44037	45892	91192	43317	67828	45758	52551	96184
71979	46468	48513	62219	68126	42417	57400	76338	37849	66368	43164	51720	35151	43069	8183
93924	81759	72901	21246	15415	99576	34461	43265	97113	935	    72635	16926	24053	5715	42151
85016	25562	74171	58373	9885	55936	57376	5274	35344	84363	1825	96227	75791	61349	67776
59451	21837	24587	97851	85801	5410	36176	32313	30093	46671	69183	74292	52031	79175	59794
94089	25179	4920	47415	34377	52980	77336	18531	81280	78200	75611	75708	63673	93367	88883
46689	32169	50253	42915	62753	75817	26006	45202	70173	20569	4301	61862	18958	45298	90888
35453	62607	48525	66043	59036	50745	89890	8104	32605	65843	67363	61324	41833	77475	45456
48725	90684	25912	79197	89465	68326	57064	5076	72862	26015	39412	37812	45105	97430	5341
75078	36735	47619	26764	16034	93422	19122	50693	72233	53979	42328	89113	43592	98821	86385
83927	72055	83978	71214	31843	78285	89948	69706	94557	12940	91737	10979	49796	11706	11739
73318	6028	37513	55334	33432	48977	38422	65303	78981	83913	23723	63279	49236	91682	30878
40163	57917	94812	52808	26037	27484	25644	13210	33567	87050	2872	48248	53872	17160	63943
9674	3654	56812	89580	68339	20669	2914	25630	53477	24354	72332	75672	77889	11119	49887
59184	81948	60081	17208	69967	17655	70156	29281	83969	59184	68834	94980	47151	82499	74686
46131	32768	35963	55437	7503	29852	65430	91177	66076	2687	22753	65212	37554	30165	23385
96017	48767	89556	58521	77748	65155	13963	30782	88425	95598	2946	18083	12784	45762	54000
92636	8868	35811	83950	83267	31350	73161	30888	57485	71255	78449	66317	21044	27522	43940
54153	22726	12371	90556	31017	60238	60409	86164	15466	721	    46669	16607	44710	93212	15820
16849	12927	13226	23393	88205	956	    11455	61559	41834	3121	2244	69191	1052	84813	29760
17253	10900	78178	39283	12388	52983	99898	31964	78394	43942	40612	56347	71197	41463	73032
51100	55084	20883	26958	33462	32562	75302	11091	7705	29143	3951	12823	80562	33098	18613
34611	81316	3384	92383	10993	89593	64804	28022	1668	33276	42096	51063	39110	60490	83947
4691	30678	24619	44225	60304	12060	69835	95810	51016	44099	85728	46175	71452	41301	32045
16805	80417	39398	85074	50697	6924	49287	85821	36469	18785	26677	50414	66858	61562	21477
10737	38265	13357	46110	96470	13116	56800	60374	20515	37580	90332	1281	62203	47477	34428
81846	54874	23738	9915	33195	76573	11700	13424	27551	80399	57451	86861	61538	90831	87465
52124	18266	90219	51657	64526	30028	45807	51540	7712	81005	30181	64750	30129	55564	18816
29654	92425	16017	96573	17573	4496	67118	59650	95053	62458	72405	1265	49177	80077	67981
57564	37279	71806	50996	35904	8414	44528	31598	3459	15166	92402	82944	71767	93159	34560
46864	27248	69960	60602	95510	28615	63571	83035	16384	3446	84327	47710	86026	76942	81594
89716	3157	54763	77915	44302	92124	94370	1115	5228	99728	54636	98148	9767	77840	33018
18006	39559	4211	49759	27236	41237	49472	85358	4082	21966	78583	98496	37421	74452	29401
862	    33076	21105	90984	22023	77135	9295	53453	21407	17537	70009	84254	62063	8725	86617
60415	29314	55104	97590	10973	65348	60528	29778	63184	19375	74398	18968	54907	13023	89318
97061	32501	85623	21960	8023	99415	17036	14980	3305	21256	31719	55738	42983	91926	87047
63247	60904	15777	54405	47565	62885	62727	54914	13918	32279	52366	7223	42728	39847	52602
83903	52302	61985	53764	45885	9913	20617	66360	16175	35269	10550	11603	86886	72081	32898
80299	47069	51103	73531	71162	48694	7866	37738	13166	52125	44019	8255	96071	73654	82576
34673	40702	27837	95250	29403	25656	55596	41074	70680	2697	46291	59088	53365	20034	75355
32633	79860	67214	4972	28161	82789	53121	30443	68941	51755	15004	72617	77536	86734	36367
8935	24656	72507	49155	88407	64436	16247	1668	34157	16388	53533	86821	68829	87455	42429
13078	18520	99765	87692	62985	